0,-0.000196632,-0.00028183,-0.000269028,-0.000253485,-0.000243085,-0.000478753
-0.000196632,0,-0.000116858,-0.000174234,-0.000126639,-0.000155504,-0.00022969
-0.00028183,-0.000116858,0,-0.000209884,-0.000186666,-0.000221396,-0.000301326
-0.000269028,-0.000174234,-0.000209884,0,-0.000274729,-0.000276241,-0.000367519
-0.000253485,-0.000126639,-0.000186666,-0.000274729,0,-0.000296144,-0.000270373
-0.000243085,-0.000155504,-0.000221396,-0.000276241,-0.000296144,0,-0.000394932
-0.000478753,-0.00022969,-0.000301326,-0.000367519,-0.000270373,-0.000394932,0